protA <- c('P01266','P02766','P04083','P04406','P08572','Q562R1','Q9GZM7','Q9Y646')
protB <- c('O75531','P00568','P01266','P02647','P04083','P23246','Q13642','Q99584')
protC <- c('P00568','P01266','P02647','P02751','P04083','Q13642','Q562R1','Q9GZM7')